0 0.704206 0.298148 0.069222 0.062963
0 0.806185 0.324074 0.087764 0.077778
0 0.212233 0.392593 0.056861 0.059259
0 0.490976 0.413889 0.053153 0.061111
1 0.720893 0.493519 0.095181 0.235185
1 0.835851 0.518519 0.095181 0.222222
1 0.484796 0.517593 0.072931 0.131481
1 0.265386 0.491667 0.046972 0.179630
1 0.353150 0.508333 0.056861 0.179630
2 0.709150 0.552778 0.106306 0.657407
2 0.850067 0.572222 0.150806 0.662963
2 0.495921 0.507407 0.077875 0.340741
2 0.439060 0.528704 0.102597 0.479630
2 0.350060 0.539815 0.043264 0.375926
2 0.296907 0.560185 0.072931 0.450000
2 0.266004 0.558333 0.045736 0.412963
2 0.208525 0.565741 0.059333 0.405556