0 0.198939 0.256433 0.166274 0.176376
0 0.532665 0.294228 0.086085 0.142780
0 0.710731 0.302627 0.104953 0.155379
0 0.881132 0.320475 0.120283 0.182675
1 0.139976 0.717320 0.232311 0.543825
1 0.433608 0.729918 0.314858 0.506031
1 0.563325 0.508399 0.130896 0.176376
1 0.714269 0.709971 0.145047 0.566922
1 0.889387 0.720470 0.183962 0.508130
1 0.171226 0.554593 0.195755 0.873480
1 0.450708 0.526246 0.268868 0.925973
1 0.553302 0.399214 0.132075 0.377948
1 0.705425 0.565091 0.165094 0.856682
1 0.882311 0.581889 0.179245 0.831486