0 0.210123 0.239815 0.101235 0.094444
0 0.337901 0.271296 0.100000 0.112963
0 0.524938 0.327778 0.167901 0.129630
0 0.666914 0.239815 0.116049 0.109259
0 0.781111 0.220370 0.090123 0.103704
1 0.527407 0.760185 0.271605 0.461111
1 0.328642 0.618519 0.170370 0.396296
1 0.208889 0.556481 0.170370 0.401852
1 0.700864 0.597222 0.161728 0.438889
1 0.782346 0.506481 0.169136 0.353704
2 0.178642 0.522222 0.179012 0.807407
2 0.347160 0.501852 0.133333 0.722222
2 0.536049 0.611111 0.204938 0.751852
2 0.697160 0.544444 0.146914 0.822222
2 0.815679 0.512037 0.124691 0.753704